100
5 700.03 911.00 689.19 833.57 655.42 840.55 626.74 884.98 642.64 911.00
7 634.90 264.60 614.50 238.57 609.09 237.34 594.53 242.70 568.30 290.47 563.50 303.50 622.39 339.64
7 918.55 285.55 966.71 190.94 916.05 171.24 822.83 228.32 845.28 266.99 845.44 267.24 892.32 293.84
4 -9.83 126.64 101.31 -19.86 -17.88 -19.86 -17.88 126.50
5 594.53 242.70 609.09 237.34 571.18 115.62 529.46 137.30 515.54 223.84
5 701.00 324.70 695.85 413.35 736.10 406.85 845.44 267.24 845.28 266.99
5 341.95 188.20 355.21 79.68 332.48 38.12 290.99 132.95 317.44 183.96
6 845.44 267.24 736.10 406.85 786.03 428.72 881.19 433.01 910.06 409.57 892.32 293.84
5 942.87 80.49 916.05 171.24 966.71 190.94 1015.88 159.44 1015.88 107.93
4 317.44 183.96 290.99 132.95 236.05 104.17 284.00 186.75
5 221.21 218.14 183.72 145.59 96.07 153.63 88.10 159.10 206.40 277.40
5 881.19 433.01 786.03 428.72 814.26 564.24 827.04 565.96 868.93 548.90
6 394.64 906.06 240.73 839.05 182.37 855.45 169.71 903.95 225.11 1012.86 378.56 1012.86
5 916.73 649.88 850.17 678.69 848.35 682.50 855.31 707.34 928.30 709.62
9 736.10 406.85 695.85 413.35 659.76 435.26 641.48 458.90 635.16 475.14 650.86 553.92 796.08 567.60 814.26 564.24 786.03 428.72
6 706.76 822.01 705.13 727.61 640.67 741.36 625.00 817.09 655.42 840.55 689.19 833.57
7 63.70 947.48 78.64 958.94 169.71 903.95 182.37 855.45 153.98 829.11 -17.88 802.57 -17.88 856.31
6 955.61 883.87 824.33 934.77 821.33 946.02 829.87 1012.86 1015.88 1012.86 1015.88 910.17
6 720.61 706.09 717.00 706.14 705.13 727.61 706.76 822.01 805.30 856.84 842.14 791.62
5 942.87 80.49 917.08 60.95 814.17 219.72 822.83 228.32 916.05 171.24
7 473.90 417.60 514.79 465.08 532.44 472.43 635.16 475.14 641.48 458.90 548.02 370.36 474.27 409.69
5 463.98 38.25 607.65 30.38 611.89 13.70 612.18 -19.86 415.42 -19.86
5 409.75 504.92 514.79 465.08 473.90 417.60 386.12 436.22 373.37 479.42
4 152.24 735.96 -17.88 676.42 -17.88 802.57 153.98 829.11
6 292.73 512.16 386.03 595.37 401.50 602.11 442.11 579.60 409.75 504.92 373.37 479.42
3 633.56 222.23 691.74 193.67 639.52 97.14
5 236.05 104.17 220.64 87.57 183.72 145.59 221.21 218.14 284.00 186.75
8 705.13 727.61 717.00 706.14 644.66 571.80 536.69 653.47 524.42 697.15 529.17 708.87 563.61 726.84 640.67 741.36
5 917.08 60.95 942.87 80.49 1015.88 107.93 1015.88 -19.86 867.31 -19.86
6 569.83 959.45 452.20 885.71 396.40 904.22 394.64 906.06 378.56 1012.86 560.56 1012.86
6 657.13 967.20 653.45 964.06 571.54 958.31 569.83 959.45 560.56 1012.86 660.28 1012.86
6 75.93 164.00 -9.83 126.64 -17.88 126.50 -17.88 268.99 61.54 273.62 68.35 265.91
4 691.00 951.36 657.13 967.20 660.28 1012.86 726.88 1012.86
5 713.65 934.48 691.00 951.36 726.88 1012.86 829.87 1012.86 821.33 946.02
7 814.17 219.72 796.73 210.45 758.18 219.34 701.00 278.21 701.00 324.70 845.28 266.99 822.83 228.32
4 563.61 726.84 622.34 816.21 625.00 817.09 640.67 741.36
7 633.56 222.23 639.52 97.14 637.02 90.73 610.28 69.64 571.18 115.62 609.09 237.34 614.50 238.57
3 -17.88 856.31 -17.88 973.44 63.70 947.48
5 243.92 322.68 252.99 350.49 406.99 321.74 439.57 289.50 282.85 289.50
5 455.18 583.49 532.44 472.43 514.79 465.08 409.75 504.92 442.11 579.60
6 -17.88 383.17 -17.88 558.10 110.70 491.40 126.33 466.54 76.78 384.76 65.88 375.29
7 216.67 445.55 287.67 512.78 292.73 512.16 373.37 479.42 386.12 436.22 381.56 419.83 252.89 351.71
5 601.80 892.40 579.12 824.36 512.88 822.04 497.75 847.93 601.04 892.75
7 529.17 708.87 524.42 697.15 382.41 722.28 396.40 904.22 452.20 885.71 497.75 847.93 512.88 822.04
10 359.01 206.98 341.95 188.20 317.44 183.96 284.00 186.75 221.21 218.14 206.40 277.40 206.22 281.40 206.39 281.74 243.92 322.68 282.85 289.50
7 240.73 839.05 288.31 693.78 248.33 649.85 209.36 651.25 152.24 735.96 153.98 829.11 182.37 855.45
5 967.34 674.69 934.70 715.01 955.61 767.79 1015.88 754.11 1015.88 692.03
4 169.71 903.95 78.64 958.94 72.15 1012.86 225.11 1012.86
6 -9.83 126.64 75.93 164.00 88.10 159.10 96.07 153.63 130.77 -19.86 101.31 -19.86
6 659.76 435.26 622.39 339.64 563.50 303.50 517.20 324.87 548.02 370.36 641.48 458.90
6 68.35 265.91 61.54 273.62 65.88 375.29 76.78 384.76 206.39 281.74 206.22 281.40
5 935.02 572.98 929.96 636.87 935.29 641.00 1015.88 641.00 1015.88 541.11
7 206.39 281.74 76.78 384.76 126.33 466.54 216.67 445.55 252.89 351.71 252.99 350.49 243.92 322.68
4 65.88 375.29 61.54 273.62 -17.88 268.99 -17.88 383.17
5 529.17 708.87 512.88 822.04 579.12 824.36 622.34 816.21 563.61 726.84
4 548.02 370.36 517.20 324.87 459.89 307.73 474.27 409.69
6 855.31 707.34 853.89 783.09 927.56 790.69 955.61 767.79 934.70 715.01 928.30 709.62
6 773.10 682.50 796.08 567.60 650.86 553.92 644.66 571.80 717.00 706.14 720.61 706.09
6 758.18 219.34 691.74 193.67 633.56 222.23 614.50 238.57 634.90 264.60 701.00 278.21
6 361.44 706.25 288.31 693.78 240.73 839.05 394.64 906.06 396.40 904.22 382.41 722.28
4 611.89 13.70 803.37 41.05 862.17 -19.86 612.18 -19.86
6 771.27 112.86 637.02 90.73 639.52 97.14 691.74 193.67 758.18 219.34 796.73 210.45
6 771.27 112.86 803.37 41.05 611.89 13.70 607.65 30.38 610.28 69.64 637.02 90.73
7 917.08 60.95 867.31 -19.86 862.17 -19.86 803.37 41.05 771.27 112.86 796.73 210.45 814.17 219.72
6 439.57 289.50 439.97 289.16 439.64 281.60 398.56 222.32 359.01 206.98 282.85 289.50
5 918.55 285.55 892.32 293.84 910.06 409.57 1015.88 446.79 1015.88 290.15
6 220.64 87.57 236.05 104.17 290.99 132.95 332.48 38.12 307.63 -19.86 238.92 -19.86
8 381.56 419.83 386.12 436.22 473.90 417.60 474.27 409.69 459.89 307.73 439.97 289.16 439.57 289.50 406.99 321.74
5 206.40 277.40 88.10 159.10 75.93 164.00 68.35 265.91 206.22 281.40
6 935.02 572.98 868.93 548.90 827.04 565.96 850.17 678.69 916.73 649.88 929.96 636.87
7 401.50 602.11 361.44 706.25 382.41 722.28 524.42 697.15 536.69 653.47 455.18 583.49 442.11 579.60
6 626.74 884.98 601.80 892.40 601.04 892.75 571.54 958.31 653.45 964.06 642.64 911.00
6 855.31 707.34 848.35 682.50 773.10 682.50 720.61 706.09 842.14 791.62 853.89 783.09
6 655.42 840.55 625.00 817.09 622.34 816.21 579.12 824.36 601.80 892.40 626.74 884.98
6 536.69 653.47 644.66 571.80 650.86 553.92 635.16 475.14 532.44 472.43 455.18 583.49
5 955.61 767.79 927.56 790.69 955.61 883.87 1015.88 910.17 1015.88 754.11
6 634.90 264.60 622.39 339.64 659.76 435.26 695.85 413.35 701.00 324.70 701.00 278.21
6 503.19 234.66 515.54 223.84 529.46 137.30 457.80 123.98 398.56 222.32 439.64 281.60
4 252.89 351.71 381.56 419.83 406.99 321.74 252.99 350.49
4 287.67 512.78 258.19 626.05 386.03 595.37 292.73 512.16
4 935.29 641.00 967.34 674.69 1015.88 692.03 1015.88 641.00
5 497.75 847.93 452.20 885.71 569.83 959.45 571.54 958.31 601.04 892.75
8 216.67 445.55 126.33 466.54 110.70 491.40 173.27 630.44 209.36 651.25 248.33 649.85 258.19 626.05 287.67 512.78
6 842.14 791.62 805.30 856.84 824.33 934.77 955.61 883.87 927.56 790.69 853.89 783.09
4 966.71 190.94 918.55 285.55 1015.88 290.15 1015.88 159.44
6 929.96 636.87 916.73 649.88 928.30 709.62 934.70 715.01 967.34 674.69 935.29 641.00
5 152.24 735.96 209.36 651.25 173.27 630.44 -17.88 674.08 -17.88 676.42
5 96.07 153.63 183.72 145.59 220.64 87.57 238.92 -19.86 130.77 -19.86
4 173.27 630.44 110.70 491.40 -17.88 558.10 -17.88 674.08
4 503.19 234.66 568.30 290.47 594.53 242.70 515.54 223.84
5 78.64 958.94 63.70 947.48 -17.88 973.44 -17.88 1012.86 72.15 1012.86
7 439.97 289.16 459.89 307.73 517.20 324.87 563.50 303.50 568.30 290.47 503.19 234.66 439.64 281.60
6 452.09 114.55 463.98 38.25 415.42 -19.86 307.63 -19.86 332.48 38.12 355.21 79.68
7 713.65 934.48 821.33 946.02 824.33 934.77 805.30 856.84 706.76 822.01 689.19 833.57 700.03 911.00
7 607.65 30.38 463.98 38.25 452.09 114.55 457.80 123.98 529.46 137.30 571.18 115.62 610.28 69.64
6 653.45 964.06 657.13 967.20 691.00 951.36 713.65 934.48 700.03 911.00 642.64 911.00
6 401.50 602.11 386.03 595.37 258.19 626.05 248.33 649.85 288.31 693.78 361.44 706.25
6 850.17 678.69 827.04 565.96 814.26 564.24 796.08 567.60 773.10 682.50 848.35 682.50
6 910.06 409.57 881.19 433.01 868.93 548.90 935.02 572.98 1015.88 541.11 1015.88 446.79
6 398.56 222.32 457.80 123.98 452.09 114.55 355.21 79.68 341.95 188.20 359.01 206.98
