20
6 80.79 251.89 193.54 404.44 296.85 429.05 440.31 262.39 330.92 160.04 233.60 151.44
6 734.94 187.82 725.48 197.95 794.70 371.01 947.35 419.16 956.14 416.90 956.14 240.01
7 333.01 843.16 530.21 946.80 586.72 946.80 614.48 853.39 469.96 643.44 334.95 602.94 244.26 705.74
6 615.89 481.41 574.76 547.67 794.40 731.55 830.00 714.51 810.58 605.67 726.86 495.83
3 333.01 843.16 269.68 946.80 530.21 946.80
4 469.96 643.44 614.48 853.39 794.40 731.55 574.76 547.67
8 615.89 481.41 513.74 259.35 486.53 252.89 440.31 262.39 296.85 429.05 334.95 602.94 469.96 643.44 574.76 547.67
6 486.53 252.89 513.74 259.35 725.48 197.95 734.94 187.82 779.03 21.20 502.14 21.20
5 725.48 197.95 513.74 259.35 615.89 481.41 726.86 495.83 794.70 371.01
5 330.92 160.04 440.31 262.39 486.53 252.89 502.14 21.20 314.06 21.20
4 956.14 240.01 956.14 21.20 779.03 21.20 734.94 187.82
6 794.40 731.55 614.48 853.39 586.72 946.80 956.14 946.80 956.14 752.08 830.00 714.51
4 330.92 160.04 314.06 21.20 124.32 21.20 233.60 151.44
6 244.26 705.74 155.87 738.11 12.86 829.81 12.86 946.80 269.68 946.80 333.01 843.16
5 233.60 151.44 124.32 21.20 12.86 21.20 12.86 220.43 80.79 251.89
5 947.35 419.16 810.58 605.67 830.00 714.51 956.14 752.08 956.14 416.90
5 193.54 404.44 80.79 251.89 12.86 220.43 12.86 486.27 71.09 476.71
4 726.86 495.83 810.58 605.67 947.35 419.16 794.70 371.01
4 155.87 738.11 71.09 476.71 12.86 486.27 12.86 829.81
6 334.95 602.94 296.85 429.05 193.54 404.44 71.09 476.71 155.87 738.11 244.26 705.74