500
5 452.67 228.63 451.10 232.84 529.41 221.66 518.99 194.11 497.05 178.53
6 851.87 244.70 864.83 224.61 867.74 208.71 851.52 169.40 820.94 204.36 827.72 233.20
7 564.80 698.04 589.01 697.19 628.15 673.71 629.49 662.70 614.11 635.37 582.37 613.50 567.96 614.37
4 833.32 557.68 827.25 538.65 810.60 535.32 790.88 600.12
5 491.17 618.31 502.61 596.86 486.72 581.46 464.63 598.53 472.53 630.12
6 632.79 750.32 672.58 711.49 670.71 705.42 628.15 673.71 589.01 697.19 630.42 749.75
8 214.15 959.47 179.33 963.07 152.21 1002.51 153.68 1017.92 248.66 1017.92 236.96 979.17 229.65 964.85 227.13 963.52
7 791.27 249.88 794.17 245.04 787.13 208.05 769.16 215.62 752.24 233.74 753.23 239.29 787.14 252.85
5 94.59 662.18 101.40 640.92 98.99 621.99 84.83 607.83 60.78 625.56
7 238.09 153.64 228.86 149.47 223.07 174.07 219.18 197.41 224.50 204.50 226.75 205.62 255.90 191.05
6 584.66 787.80 626.28 812.77 654.56 797.21 632.79 750.32 630.42 749.75 587.28 767.64
6 386.95 755.80 422.86 759.39 430.77 730.00 421.00 711.86 402.62 699.38 364.73 737.27
7 822.12 922.55 888.21 902.04 891.81 877.21 832.92 868.32 809.03 881.46 807.28 884.08 807.40 885.74
7 318.78 909.05 336.00 904.75 313.77 849.19 301.87 854.36 298.58 858.25 296.52 864.44 307.23 890.14
6 991.79 142.07 925.61 145.81 929.29 166.78 1006.07 201.97 1017.88 199.64 1017.88 147.45
9 669.74 203.71 686.72 239.89 693.06 243.01 729.01 217.85 726.73 204.50 717.65 157.07 702.15 148.44 700.78 148.59 685.31 158.36
5 351.12 940.20 376.22 938.78 382.88 929.84 370.43 881.62 345.86 908.65
5 213.17 15.39 249.32 27.44 263.13 11.20 269.21 -17.92 263.13 -17.92
5 561.10 52.96 557.92 67.41 581.16 86.94 593.23 87.26 590.31 40.44
4 294.53 945.31 236.96 979.17 248.66 1017.92 308.14 1017.92
6 47.50 450.03 47.50 481.43 58.76 491.08 65.04 491.47 87.82 457.84 52.08 441.41
7 68.23 837.43 86.86 807.62 86.97 807.38 40.72 819.37 32.20 843.33 47.27 849.61 65.25 840.62
6 587.99 178.62 586.32 197.83 587.28 209.38 625.52 218.27 622.95 183.61 591.33 172.61
4 160.00 365.22 140.51 313.49 97.25 356.75 150.79 374.60
5 -15.88 -0.80 -15.88 30.18 34.01 69.62 53.29 66.35 65.42 46.62
6 112.49 804.34 110.05 862.88 128.73 872.05 154.08 847.67 161.51 837.65 132.42 803.54
5 439.56 363.94 444.39 441.26 478.22 444.72 481.82 444.16 476.33 389.35
8 757.12 286.83 737.73 299.59 728.46 336.65 748.22 362.33 768.67 359.48 799.03 309.53 795.33 305.47 759.69 287.19
5 990.47 646.30 1017.88 649.04 1017.88 613.10 985.40 604.98 981.28 625.62
6 370.24 111.24 333.35 133.55 357.50 171.50 366.98 176.24 373.27 177.47 399.92 140.92
6 619.63 538.82 642.02 532.02 654.18 509.23 637.83 488.79 586.18 502.18 584.26 504.31
6 544.55 709.31 511.34 662.42 465.52 657.03 464.54 684.00 469.62 692.62 534.65 713.43
5 442.35 652.62 453.54 649.36 435.27 614.84 398.78 603.03 407.05 629.93
4 731.12 950.97 709.60 982.90 718.36 1017.92 809.88 1017.92
4 24.80 534.60 26.24 596.22 69.54 582.09 79.11 544.57
5 585.18 365.36 574.35 365.52 552.10 391.25 568.50 404.92 611.10 422.67
6 449.28 594.69 464.63 598.53 486.72 581.46 484.80 572.23 464.78 564.58 442.74 578.35
7 450.73 487.48 469.80 512.66 477.15 511.96 512.87 485.33 499.47 452.99 481.82 444.16 478.22 444.72
7 228.86 149.47 238.09 153.64 258.87 146.71 261.84 135.65 260.03 108.50 228.88 108.50 217.95 136.94
10 251.06 805.13 301.87 854.36 313.77 849.19 340.08 832.36 341.00 822.88 314.05 754.73 276.20 738.06 273.73 738.86 243.67 770.92 246.12 793.61
7 217.95 136.94 228.88 108.50 218.80 95.71 185.63 99.86 156.39 116.45 185.95 150.94 195.82 146.82
4 28.58 92.94 34.01 69.62 -15.88 30.18 -15.88 103.20
6 920.21 666.26 888.12 686.97 906.27 717.68 926.38 712.66 936.57 706.03 942.85 680.25
7 860.18 64.60 816.54 125.31 814.82 137.23 823.46 141.23 888.00 100.59 886.66 93.07 882.09 76.33
5 330.21 552.95 314.57 550.80 310.53 592.82 364.38 599.55 365.05 599.41
5 316.15 930.85 340.17 906.83 336.00 904.75 318.78 909.05 314.04 929.91
5 120.60 123.84 111.37 123.63 85.38 155.19 82.14 166.50 130.38 166.50
5 755.88 35.59 737.00 20.25 713.32 30.96 712.58 65.00 728.40 83.67
6 380.41 798.36 341.00 822.88 340.08 832.36 366.13 852.85 442.05 818.34 430.98 795.89
5 793.93 271.77 821.33 264.92 791.27 249.88 787.14 252.85 787.02 254.88
9 434.95 657.13 401.21 693.37 402.62 699.38 421.00 711.86 464.54 684.00 465.52 657.03 460.79 651.15 453.54 649.36 442.35 652.62
4 314.04 929.91 318.78 909.05 307.23 890.14 300.26 931.92
5 364.38 599.55 310.53 592.82 299.97 606.51 329.44 629.19 333.56 626.51
6 404.81 413.59 415.94 363.50 357.31 363.50 348.96 383.70 353.75 424.04 390.26 420.87
4 519.45 950.19 521.64 935.19 492.00 924.52 492.00 957.46
8 613.92 999.87 612.74 1017.92 636.57 1017.92 672.84 974.39 674.46 970.86 654.10 957.95 629.87 970.07 616.21 992.68
7 538.72 984.28 567.56 959.68 567.88 958.99 580.22 905.92 546.40 900.66 521.64 935.19 519.45 950.19
7 234.47 856.56 235.40 889.93 246.99 898.62 277.45 891.37 296.52 864.44 298.58 858.25 234.63 856.48
6 432.37 174.50 400.75 212.78 436.76 238.25 445.82 243.76 451.10 232.84 452.67 228.63
6 32.20 843.33 40.72 819.37 32.41 790.65 5.28 783.72 -15.88 781.32 -15.88 862.12
5 386.83 461.57 413.33 433.68 404.81 413.59 390.26 420.87 386.20 461.47
5 819.54 53.69 846.92 39.68 851.38 2.18 794.94 25.28 802.15 50.53
5 691.35 322.67 684.14 295.04 673.07 291.88 645.43 309.84 648.38 314.08
7 396.11 600.68 426.30 571.50 424.82 560.68 415.77 549.82 379.89 537.52 377.01 542.15 380.49 598.94
7 243.67 770.92 231.06 771.83 190.82 802.01 188.16 839.19 196.87 847.19 198.66 847.01 246.12 793.61
6 777.18 -17.92 745.48 -17.92 737.00 20.25 755.88 35.59 767.47 36.91 779.55 22.32
5 627.78 220.13 627.37 242.56 658.65 257.23 686.72 239.89 669.74 203.71
6 614.45 96.51 615.56 101.55 671.68 108.02 667.28 81.00 659.22 75.79 615.02 95.43
4 513.68 155.63 553.06 139.87 537.83 110.26 529.26 104.42
5 377.60 600.66 365.05 599.41 364.38 599.55 333.56 626.51 370.86 635.84
4 756.86 672.23 695.21 661.95 681.55 687.50 747.75 687.50
6 132.47 174.86 129.74 177.99 113.88 238.25 114.96 243.77 165.61 221.92 167.40 181.70
4 953.20 675.55 979.16 700.07 1012.17 700.94 963.00 661.60
5 331.60 984.14 297.85 939.13 294.53 945.31 308.14 1017.92 326.54 1017.92
5 823.86 232.90 827.72 233.20 820.94 204.36 790.00 202.64 788.60 206.45
7 767.47 36.91 755.88 35.59 728.40 83.67 729.94 87.48 753.83 87.06 776.88 67.73 779.21 56.86
7 299.50 932.14 297.85 939.13 331.60 984.14 342.59 946.07 316.15 930.85 314.04 929.91 300.26 931.92
4 647.76 649.50 694.68 660.54 691.74 592.99 681.46 596.30
5 802.15 50.53 794.94 25.28 779.55 22.32 767.47 36.91 779.21 56.86
5 926.38 712.66 947.16 749.03 966.39 742.27 958.19 716.85 936.57 706.03
7 843.31 599.02 814.25 606.13 849.79 659.43 854.78 663.42 856.15 663.06 864.88 643.27 859.22 618.03
8 667.32 868.84 652.72 893.61 657.79 898.90 673.03 903.84 737.27 883.01 742.83 870.96 737.64 854.53 717.79 843.61
6 833.32 557.68 790.88 600.12 785.72 611.17 814.25 606.13 843.31 599.02 847.14 582.80
5 553.37 730.74 531.88 799.11 557.25 809.34 584.66 787.80 587.28 767.64
6 198.66 847.01 196.87 847.19 187.01 889.09 212.86 895.72 235.40 889.93 234.47 856.56
6 141.00 732.47 83.46 760.62 100.07 796.69 112.49 804.34 132.42 803.54 141.00 796.64
7 790.00 202.64 790.00 152.97 731.43 158.16 761.21 204.50 769.16 215.62 787.13 208.05 788.60 206.45
5 891.46 938.67 864.34 995.64 888.65 986.88 905.00 964.00 895.67 936.02
5 455.98 -17.92 374.51 -17.92 403.71 32.90 411.52 39.37 451.36 29.41
6 622.95 183.61 654.21 155.33 609.46 132.52 597.95 138.92 592.36 145.10 591.33 172.61
5 442.74 578.35 464.78 564.58 455.35 538.19 424.82 560.68 426.30 571.50
4 1004.96 39.34 981.67 97.57 1017.88 130.48 1017.88 26.72
6 1012.17 700.94 979.16 700.07 958.19 716.85 966.39 742.27 1017.88 761.99 1017.88 702.01
6 468.96 840.04 442.05 818.34 366.13 852.85 373.86 866.47 404.30 878.31 434.89 874.11
7 793.17 434.32 775.79 477.76 791.88 496.14 861.73 460.27 864.54 440.38 861.27 436.14 831.35 413.61
5 130.38 166.50 82.14 166.50 77.92 180.15 129.74 177.99 132.47 174.86
7 484.80 572.23 498.49 552.26 477.15 511.96 469.80 512.66 458.87 521.78 455.35 538.19 464.78 564.58
6 673.03 903.84 657.79 898.90 654.10 957.95 674.46 970.86 684.15 971.24 693.43 924.84
6 47.50 481.43 22.00 480.52 -15.88 502.32 -15.88 514.33 21.04 530.68 58.76 491.08
5 84.71 902.46 88.47 874.87 63.14 868.54 43.78 897.58 60.42 910.78
7 112.34 451.92 116.88 465.35 131.35 493.25 153.75 505.22 180.87 477.41 155.43 435.44 125.61 424.64
5 174.95 50.94 176.84 52.96 217.73 77.19 226.22 47.47 187.18 20.92
6 891.81 877.21 920.91 846.29 918.27 837.37 842.09 814.68 842.08 814.68 832.92 868.32
6 665.67 438.50 641.91 438.50 637.83 488.79 654.18 509.23 683.89 499.94 697.55 476.04
5 545.91 77.09 557.92 67.41 561.10 52.96 535.62 26.65 519.19 54.82
8 905.00 964.00 929.61 988.61 947.50 960.50 947.11 941.95 940.50 938.85 920.87 934.84 896.78 933.91 895.67 936.02
6 249.76 322.78 214.95 332.64 229.24 400.53 232.65 401.09 254.21 356.83 256.77 341.80
6 956.99 298.45 1015.67 273.11 941.34 237.90 935.26 248.09 935.06 249.10 935.88 280.73
7 218.80 95.71 228.88 108.50 260.03 108.50 278.29 99.22 273.87 72.75 260.35 63.87 218.52 79.56
4 299.17 668.72 350.95 685.98 366.43 663.78 333.80 653.14
9 623.53 430.41 641.91 438.50 665.67 438.50 667.38 436.34 673.73 374.92 660.75 358.69 657.32 359.51 647.71 370.02 631.14 407.59
5 656.69 595.15 614.11 635.37 629.49 662.70 647.76 649.50 681.46 596.30
4 767.05 922.05 742.60 923.41 734.33 939.09 810.88 965.88
7 537.83 110.26 568.04 107.13 581.16 86.94 557.92 67.41 545.91 77.09 529.17 104.29 529.26 104.42
5 198.66 847.01 234.47 856.56 234.63 856.48 251.06 805.13 246.12 793.61
6 311.12 350.93 287.99 380.86 305.05 402.19 348.96 383.70 357.31 363.50 336.98 338.90
7 806.42 694.28 808.85 709.05 847.71 741.15 852.89 737.62 874.89 681.40 856.15 663.06 854.78 663.42
7 266.53 200.21 285.86 232.44 319.74 223.73 320.22 222.13 317.46 210.53 305.73 187.90 264.40 193.30
5 945.50 87.21 946.67 82.30 935.01 67.25 901.14 75.71 928.25 84.75
7 449.93 955.50 485.59 924.29 486.57 922.13 480.63 910.63 477.62 907.62 467.68 911.32 449.14 955.34
8 568.50 438.36 563.60 439.56 542.59 495.59 548.58 501.58 580.96 504.66 584.26 504.31 586.18 502.18 614.68 431.76
5 901.14 75.71 884.70 74.75 882.09 76.33 886.66 93.07 928.25 84.75
7 814.31 968.07 810.88 965.88 734.33 939.09 732.95 940.44 731.12 950.97 809.88 1017.92 812.89 1017.92
5 756.76 787.38 783.90 743.97 727.30 725.10 712.09 736.03 712.92 772.28
6 590.31 40.44 593.23 87.26 614.45 96.51 615.02 95.43 625.51 37.02 614.45 20.42
4 486.82 72.25 491.86 34.00 454.44 34.00 485.68 74.16
5 1017.88 521.68 1017.88 427.00 993.93 435.11 965.34 503.01 993.17 523.56
6 440.79 905.34 434.89 874.11 404.30 878.31 408.98 922.01 423.57 927.43 426.01 928.26
5 43.78 897.58 -8.76 895.14 43.31 936.24 56.52 933.52 60.42 910.78
6 453.54 649.36 460.79 651.15 472.53 630.12 464.63 598.53 449.28 594.69 435.27 614.84
5 285.86 232.44 277.22 240.41 323.17 291.46 329.88 267.19 319.74 223.73
5 357.50 171.50 308.82 177.58 305.73 187.90 317.46 210.53 366.98 176.24
8 425.24 272.83 390.70 286.17 386.82 290.74 419.82 361.81 435.90 359.45 458.30 326.43 456.97 311.16 449.84 268.87
5 212.89 401.54 229.24 400.53 214.95 332.64 213.04 332.50 168.60 366.48
8 21.04 530.68 24.80 534.60 79.11 544.57 85.37 540.33 87.44 526.92 78.83 508.84 65.04 491.47 58.76 491.08
6 244.93 37.85 260.35 63.87 273.87 72.75 290.77 48.51 263.13 11.20 249.32 27.44
5 640.88 308.58 633.47 285.51 604.32 270.50 577.47 279.86 608.04 330.47
6 26.89 460.94 47.50 450.03 52.08 441.41 42.71 418.46 -15.88 420.35 -15.88 421.74
5 152.21 1002.51 121.47 968.47 101.15 986.25 93.42 1017.92 153.68 1017.92
8 340.17 906.83 345.86 908.65 370.43 881.62 373.86 866.47 366.13 852.85 340.08 832.36 313.77 849.19 336.00 904.75
7 767.00 621.42 765.15 666.77 806.42 694.28 854.78 663.42 849.79 659.43 784.21 612.07 777.82 614.08
4 669.50 19.50 643.39 45.61 672.99 40.99 676.59 36.05
8 158.91 524.50 190.51 529.31 203.51 513.25 216.02 478.51 213.57 477.59 193.45 475.91 180.87 477.41 153.75 505.22
6 97.30 940.31 85.50 944.91 85.50 977.00 101.15 986.25 121.47 968.47 122.39 954.90
7 623.53 430.41 631.14 407.59 616.83 371.83 585.36 365.21 585.18 365.36 611.10 422.67 616.30 430.56
6 435.27 614.84 449.28 594.69 442.74 578.35 426.30 571.50 396.11 600.68 398.78 603.03
5 993.17 523.56 953.59 578.98 959.60 582.27 1017.88 585.70 1017.88 521.68
6 929.34 603.26 939.64 586.01 940.34 584.31 899.23 541.49 875.32 570.72 888.00 599.26
7 236.96 979.17 294.53 945.31 297.85 939.13 299.50 932.14 283.91 922.06 238.68 949.89 229.65 964.85
6 536.34 551.36 548.58 501.58 542.59 495.59 512.87 485.33 477.15 511.96 498.49 552.26
6 481.82 444.16 499.47 452.99 516.50 432.86 525.76 397.51 514.88 387.84 476.33 389.35
4 434.95 657.13 442.35 652.62 407.05 629.93 400.89 647.40
5 190.51 529.31 158.91 524.50 144.31 559.10 223.30 568.98 218.59 556.42
7 303.50 499.95 298.24 477.48 257.08 453.53 220.72 478.44 237.50 510.24 288.28 527.65 294.50 525.06
5 863.38 319.78 878.69 337.64 907.65 332.81 889.31 296.11 887.83 296.01
7 445.82 243.76 436.76 238.25 388.17 247.97 388.20 248.13 425.24 272.83 449.84 268.87 450.41 267.52
5 918.27 837.37 922.72 802.76 914.97 781.91 854.63 769.34 842.09 814.68
5 85.38 155.19 111.37 123.63 109.49 122.44 61.04 130.99 67.37 146.18
6 563.60 439.56 563.21 439.23 516.50 432.86 499.47 452.99 512.87 485.33 542.59 495.59
7 940.34 584.31 939.64 586.01 969.40 622.38 981.28 625.62 985.40 604.98 959.60 582.27 953.59 578.98
5 567.88 958.99 567.56 959.68 613.92 999.87 616.21 992.68 598.00 962.33
7 927.39 285.45 914.59 336.66 933.69 362.41 940.06 364.59 966.20 349.11 956.99 298.45 935.88 280.73
6 991.79 142.07 966.73 101.96 945.50 93.31 922.14 136.58 922.84 142.84 925.61 145.81
7 340.81 35.17 356.80 77.80 368.50 89.50 381.43 83.04 403.71 32.90 374.51 -17.92 356.92 -17.92
5 113.20 40.80 114.82 31.06 107.17 -17.92 49.80 -17.92 70.96 41.70
9 125.61 424.64 155.43 435.44 189.19 424.78 200.86 417.21 212.89 401.54 168.60 366.48 160.00 365.22 150.79 374.60 124.29 418.53
5 537.94 991.65 502.50 979.83 479.48 995.18 480.68 1017.92 539.27 1017.92
6 821.33 264.92 793.93 271.77 795.33 305.47 799.03 309.53 823.63 307.11 836.31 268.32
7 695.21 661.95 694.68 660.54 647.76 649.50 629.49 662.70 628.15 673.71 670.71 705.42 681.55 687.50
4 200.86 417.21 189.19 424.78 193.45 475.91 213.57 477.59
4 1003.53 872.71 962.50 934.25 1017.88 984.09 1017.88 870.93
6 88.08 359.25 97.25 356.75 140.51 313.49 138.70 299.66 109.90 308.48 79.32 337.67
4 680.52 377.05 673.73 374.92 667.38 436.34 696.96 418.14
4 401.21 693.37 434.95 657.13 400.89 647.40 372.83 665.64
4 469.62 692.62 467.82 720.48 530.25 716.81 534.65 713.43
4 563.21 439.23 542.89 396.90 525.76 397.51 516.50 432.86
6 820.83 954.37 822.12 922.55 807.40 885.74 767.05 922.05 810.88 965.88 814.31 968.07
3 940.50 882.50 920.87 934.84 940.50 938.85
5 185.95 150.94 182.13 170.65 219.18 197.41 223.07 174.07 195.82 146.82
5 380.91 263.64 388.20 248.13 388.17 247.97 379.48 224.77 355.89 255.30
6 553.06 139.87 558.14 144.34 592.36 145.10 597.95 138.92 568.04 107.13 537.83 110.26
7 -4.06 336.40 22.95 327.50 35.66 318.79 48.70 294.88 51.11 275.62 -15.88 254.83 -15.88 337.60
6 1015.67 273.11 1017.88 272.76 1017.88 199.64 1006.07 201.97 942.59 233.71 941.34 237.90
6 78.81 392.32 124.29 418.53 150.79 374.60 97.25 356.75 88.08 359.25 87.65 360.33
6 947.50 960.50 929.61 988.61 929.83 1000.61 934.45 1017.92 1017.88 1017.92 1017.88 1005.29
5 616.30 430.56 611.10 422.67 568.50 404.92 568.50 438.36 614.68 431.76
7 356.80 77.80 297.84 103.07 295.33 105.23 312.64 135.00 333.35 133.55 370.24 111.24 368.50 89.50
4 73.22 393.33 78.81 392.32 87.65 360.33 44.78 351.76
7 597.95 138.92 609.46 132.52 615.56 101.55 614.45 96.51 593.23 87.26 581.16 86.94 568.04 107.13
5 776.88 67.73 806.76 89.46 819.54 53.69 802.15 50.53 779.21 56.86
7 848.23 758.92 854.63 769.34 914.97 781.91 915.73 778.29 902.32 727.74 852.89 737.62 847.71 741.15
6 227.50 525.25 218.59 556.42 223.30 568.98 234.07 583.10 288.28 527.65 237.50 510.24
5 557.25 809.34 563.12 826.34 605.61 857.43 626.28 812.77 584.66 787.80
7 67.52 176.30 77.46 180.69 77.92 180.15 82.14 166.50 85.38 155.19 67.37 146.18 55.98 150.33
6 674.46 970.86 672.84 974.39 669.22 1017.92 718.36 1017.92 709.60 982.90 684.15 971.24
5 286.28 694.88 276.20 738.06 314.05 754.73 345.31 738.89 350.14 687.37
4 475.26 964.80 479.48 995.18 502.50 979.83 478.17 963.61
6 99.38 866.81 86.00 851.00 65.25 840.62 47.27 849.61 63.14 868.54 88.47 874.87
4 784.21 612.07 849.79 659.43 814.25 606.13 785.72 611.17
6 864.83 224.61 935.26 248.09 941.34 237.90 942.59 233.71 923.99 197.17 867.74 208.71
4 428.95 971.83 388.69 962.54 355.81 1017.92 427.49 1017.92
5 430.85 72.94 411.52 39.37 403.71 32.90 381.43 83.04 431.45 76.45
8 377.01 542.15 379.89 537.52 380.06 524.95 357.61 501.92 303.50 499.95 294.50 525.06 314.57 550.80 330.21 552.95
8 727.30 725.10 783.90 743.97 785.51 743.33 808.85 709.05 806.42 694.28 765.15 666.77 756.86 672.23 747.75 687.50
7 482.81 960.43 478.17 963.61 502.50 979.83 537.94 991.65 538.72 984.28 519.45 950.19 492.00 957.46
4 234.63 856.48 298.58 858.25 301.87 854.36 251.06 805.13
8 100.00 63.25 100.00 113.19 109.49 122.44 111.37 123.63 120.60 123.84 140.05 111.75 140.74 65.42 113.47 41.36
5 705.67 265.89 705.51 270.83 737.73 299.59 757.12 286.83 747.73 251.38
5 32.83 951.62 -15.88 934.57 -15.88 1017.92 -8.57 1017.92 35.74 968.50
10 252.30 425.57 240.42 407.33 232.65 401.09 229.24 400.53 212.89 401.54 200.86 417.21 213.57 477.59 216.02 478.51 220.72 478.44 257.08 453.53
6 167.40 181.70 165.61 221.92 175.40 226.51 224.50 204.50 219.18 197.41 182.13 170.65
5 482.81 960.43 485.59 924.29 449.93 955.50 475.26 964.80 478.17 963.61
8 580.22 905.92 593.24 902.14 611.33 887.46 605.61 857.43 563.12 826.34 527.41 873.95 546.28 900.53 546.40 900.66
5 604.32 270.50 633.47 285.51 657.70 274.41 658.65 257.23 627.37 242.56
5 965.34 503.01 993.93 435.11 955.46 436.54 942.20 448.32 964.50 502.68
6 868.84 263.81 935.06 249.10 935.26 248.09 864.83 224.61 851.87 244.70 851.99 249.43
6 464.54 684.00 421.00 711.86 430.77 730.00 462.17 730.00 467.82 720.48 469.62 692.62
9 546.79 256.93 560.74 275.46 577.47 279.86 604.32 270.50 627.37 242.56 627.78 220.13 625.52 218.27 587.28 209.38 543.94 251.61
5 51.11 275.62 63.60 254.91 38.44 220.67 -15.88 199.11 -15.88 254.83
5 42.71 418.46 55.48 402.95 -4.06 336.40 -15.88 337.60 -15.88 420.35
8 657.32 359.51 660.75 358.69 661.01 358.28 648.38 314.08 645.43 309.84 640.88 308.58 608.04 330.47 608.12 332.81
5 -15.88 893.19 -15.88 934.57 32.83 951.62 43.31 936.24 -8.76 895.14
7 53.29 66.35 34.01 69.62 28.58 92.94 36.11 110.35 52.71 111.78 75.14 97.65 71.18 84.86
5 492.00 924.52 486.57 922.13 485.59 924.29 482.81 960.43 492.00 957.46
4 254.21 356.83 232.65 401.09 240.42 407.33 287.25 380.86
7 432.11 520.40 458.87 521.78 469.80 512.66 450.73 487.48 428.69 475.17 412.96 482.05 408.16 503.88
6 212.86 895.72 187.01 889.09 178.30 896.09 175.65 898.69 214.15 959.47 227.13 963.52
8 530.25 716.81 496.02 754.95 510.06 802.09 531.88 799.11 553.37 730.74 546.62 709.61 544.55 709.31 534.65 713.43
5 333.35 133.55 312.64 135.00 305.99 150.69 308.82 177.58 357.50 171.50
6 481.27 92.32 529.17 104.29 545.91 77.09 519.19 54.82 486.82 72.25 485.68 74.16
7 899.23 541.49 895.02 524.82 874.40 510.36 827.25 538.65 833.32 557.68 847.14 582.80 875.32 570.72
4 223.07 174.07 228.86 149.47 217.95 136.94 195.82 146.82
6 370.86 635.84 333.56 626.51 329.44 629.19 333.80 653.14 366.43 663.78 367.99 663.37
7 657.03 -17.92 614.05 -17.92 614.45 20.42 625.51 37.02 643.15 45.65 643.39 45.61 669.50 19.50
7 38.44 220.67 77.17 186.24 77.46 180.69 67.52 176.30 -0.45 162.71 -15.88 169.43 -15.88 199.11
9 254.11 313.01 249.76 322.78 256.77 341.80 275.25 348.17 311.12 350.93 336.98 338.90 330.24 305.18 322.59 295.57 281.88 297.14
8 671.68 108.02 700.78 148.59 702.15 148.44 729.94 87.48 728.40 83.67 712.58 65.00 687.86 65.00 667.28 81.00
5 226.22 47.47 217.73 77.19 218.52 79.56 260.35 63.87 244.93 37.85
7 496.77 177.92 513.68 155.63 529.26 104.42 529.17 104.29 481.27 92.32 460.90 105.90 450.83 135.81
6 752.24 233.74 729.01 217.85 693.06 243.01 705.67 265.89 747.73 251.38 753.23 239.29
6 423.57 927.43 388.61 962.39 388.69 962.54 428.95 971.83 440.68 956.39 426.01 928.26
4 25.96 674.80 51.31 688.22 77.58 679.14 37.79 635.37
8 388.69 962.54 388.61 962.39 376.22 938.78 351.12 940.20 342.59 946.07 331.60 984.14 326.54 1017.92 355.81 1017.92
4 189.19 424.78 155.43 435.44 180.87 477.41 193.45 475.91
5 875.32 570.72 847.14 582.80 843.31 599.02 859.22 618.03 888.00 599.26
8 820.94 204.36 851.52 169.40 851.00 165.93 823.46 141.23 814.82 137.23 809.68 138.78 790.00 152.97 790.00 202.64
5 77.17 186.24 113.88 238.25 129.74 177.99 77.92 180.15 77.46 180.69
6 614.05 -17.92 522.09 -17.92 535.62 26.65 561.10 52.96 590.31 40.44 614.45 20.42
8 479.48 995.18 475.26 964.80 449.93 955.50 449.14 955.34 440.68 956.39 428.95 971.83 427.49 1017.92 480.68 1017.92
4 71.18 84.86 75.14 97.65 100.00 113.19 100.00 63.25
7 542.89 396.90 552.10 391.25 574.35 365.52 536.59 330.66 522.19 336.67 514.88 387.84 525.76 397.51
6 729.69 474.79 697.55 476.04 683.89 499.94 709.18 564.73 740.08 537.32 730.68 475.51
6 93.57 675.53 136.82 687.38 191.82 638.50 171.02 622.75 101.40 640.92 94.59 662.18
7 935.01 67.25 946.67 82.30 1004.96 39.34 1017.88 26.72 1017.88 -12.30 920.33 34.52 920.07 36.42
5 962.50 650.00 969.40 622.38 939.64 586.01 929.34 603.26 926.76 619.37
6 807.28 884.08 742.83 870.96 737.27 883.01 742.60 923.41 767.05 922.05 807.40 885.74
9 366.43 663.78 350.95 685.98 350.14 687.37 345.31 738.89 364.73 737.27 402.62 699.38 401.21 693.37 372.83 665.64 367.99 663.37
8 329.88 267.19 323.17 291.46 322.59 295.57 330.24 305.18 386.82 290.74 390.70 286.17 380.91 263.64 355.89 255.30
4 47.17 741.83 5.28 783.72 32.41 790.65 75.77 759.34
7 296.99 151.27 305.99 150.69 312.64 135.00 295.33 105.23 278.29 99.22 260.03 108.50 261.84 135.65
7 543.94 251.61 587.28 209.38 586.32 197.83 534.23 184.81 518.99 194.11 529.41 221.66 543.69 251.43
5 175.65 898.69 173.24 899.30 159.41 948.68 179.33 963.07 214.15 959.47
5 947.50 960.50 1017.88 1005.29 1017.88 984.09 962.50 934.25 947.11 941.95
4 616.21 992.68 629.87 970.07 598.00 914.83 598.00 962.33
5 432.11 520.40 408.16 503.88 380.06 524.95 379.89 537.52 415.77 549.82
6 779.55 22.32 794.94 25.28 851.38 2.18 858.10 -17.33 858.05 -17.92 777.18 -17.92
4 456.97 311.16 458.30 326.43 486.80 328.55 514.97 286.30
7 226.75 205.62 224.50 204.50 175.40 226.51 199.36 269.65 214.43 266.93 231.35 246.70 230.24 225.50
7 60.78 625.56 84.83 607.83 81.72 595.38 69.54 582.09 26.24 596.22 16.07 609.33 34.80 626.39
8 450.83 135.81 460.90 105.90 431.45 76.45 381.43 83.04 368.50 89.50 370.24 111.24 399.92 140.92 439.42 141.39
5 942.85 680.25 936.57 706.03 958.19 716.85 979.16 700.07 953.20 675.55
8 497.05 178.53 518.99 194.11 534.23 184.81 544.34 176.54 558.14 144.34 553.06 139.87 513.68 155.63 496.77 177.92
5 287.25 673.43 286.28 694.88 350.14 687.37 350.95 685.98 299.17 668.72
6 519.19 54.82 535.62 26.65 522.09 -17.92 509.62 -17.92 491.86 34.00 486.82 72.25
6 63.60 254.91 114.35 245.31 114.96 243.77 113.88 238.25 77.17 186.24 38.44 220.67
7 374.56 461.67 357.61 501.92 380.06 524.95 408.16 503.88 412.96 482.05 386.83 461.57 386.20 461.47
5 467.82 720.48 462.17 730.00 477.99 752.01 496.02 754.95 530.25 716.81
5 981.67 97.57 966.73 101.96 991.79 142.07 1017.88 147.45 1017.88 130.48
7 77.58 679.14 86.83 679.51 93.57 675.53 94.59 662.18 60.78 625.56 34.80 626.39 37.79 635.37
5 316.15 930.85 342.59 946.07 351.12 940.20 345.86 908.65 340.17 906.83
6 672.99 40.99 687.86 65.00 712.58 65.00 713.32 30.96 702.31 23.71 676.59 36.05
6 630.42 749.75 589.01 697.19 564.80 698.04 546.62 709.61 553.37 730.74 587.28 767.64
7 924.09 509.76 920.88 448.67 884.57 438.13 864.54 440.38 861.73 460.27 874.40 510.36 895.02 524.82
6 226.22 47.47 244.93 37.85 249.32 27.44 213.17 15.39 186.99 16.48 187.18 20.92
6 947.11 941.95 962.50 934.25 1003.53 872.71 944.09 857.40 940.50 882.50 940.50 938.85
4 959.60 582.27 985.40 604.98 1017.88 613.10 1017.88 585.70
3 631.14 407.59 647.71 370.02 616.83 371.83
5 22.95 327.50 -4.06 336.40 55.48 402.95 73.22 393.33 44.78 351.76
7 629.87 970.07 654.10 957.95 657.79 898.90 652.72 893.61 611.33 887.46 593.24 902.14 598.00 914.83
5 137.21 901.26 131.87 948.04 159.41 948.68 173.24 899.30 141.57 895.08
4 907.65 332.81 914.59 336.66 927.39 285.45 889.31 296.11
7 702.15 148.44 717.65 157.07 731.43 158.16 790.00 152.97 809.68 138.78 753.83 87.06 729.94 87.48
5 380.49 598.94 377.01 542.15 330.21 552.95 365.05 599.41 377.60 600.66
6 887.83 296.01 889.31 296.11 927.39 285.45 935.88 280.73 935.06 249.10 868.84 263.81
5 841.85 322.29 835.81 374.66 882.71 358.43 878.69 337.64 863.38 319.78
5 230.24 225.50 231.35 246.70 261.44 252.17 273.23 242.01 264.23 225.50
6 229.65 964.85 238.68 949.89 246.99 898.62 235.40 889.93 212.86 895.72 227.13 963.52
5 275.25 348.17 256.77 341.80 254.21 356.83 287.25 380.86 287.50 380.82
5 673.07 291.88 657.70 274.41 633.47 285.51 640.88 308.58 645.43 309.84
5 529.41 221.66 451.10 232.84 445.82 243.76 450.41 267.52 543.69 251.43
6 178.30 896.09 154.08 847.67 128.73 872.05 141.57 895.08 173.24 899.30 175.65 898.69
6 366.98 176.24 317.46 210.53 320.22 222.13 381.72 211.88 382.50 210.95 373.27 177.47
8 286.28 694.88 287.25 673.43 260.20 624.19 234.36 613.30 192.59 638.53 212.90 696.83 273.73 738.86 276.20 738.06
6 422.86 759.39 432.53 780.21 461.90 766.87 477.99 752.01 462.17 730.00 430.77 730.00
7 605.61 857.43 611.33 887.46 652.72 893.61 667.32 868.84 661.81 799.15 654.56 797.21 626.28 812.77
6 174.95 50.94 140.74 65.42 140.05 111.75 156.39 116.45 185.63 99.86 176.84 52.96
6 -0.45 162.71 13.22 151.32 36.11 110.35 28.58 92.94 -15.88 103.20 -15.88 169.43
5 808.74 772.09 848.23 758.92 847.71 741.15 808.85 709.05 785.51 743.33
7 867.74 208.71 923.99 197.17 929.29 166.78 925.61 145.81 922.84 142.84 851.00 165.93 851.52 169.40
4 964.50 502.68 942.20 448.32 920.88 448.67 924.09 509.76
9 52.08 441.41 87.82 457.84 112.34 451.92 125.61 424.64 124.29 418.53 78.81 392.32 73.22 393.33 55.48 402.95 42.71 418.46
7 -8.76 895.14 43.78 897.58 63.14 868.54 47.27 849.61 32.20 843.33 -15.88 862.12 -15.88 893.19
5 654.18 509.23 642.02 532.02 701.17 583.77 709.18 564.73 683.89 499.94
4 923.99 197.17 942.59 233.71 1006.07 201.97 929.29 166.78
8 993.17 523.56 965.34 503.01 964.50 502.68 924.09 509.76 895.02 524.82 899.23 541.49 940.34 584.31 953.59 578.98
4 22.00 480.52 47.50 481.43 47.50 450.03 26.89 460.94
5 480.63 910.63 546.28 900.53 527.41 873.95 485.56 852.06 477.62 907.62
5 440.68 956.39 449.14 955.34 467.68 911.32 440.79 905.34 426.01 928.26
7 922.72 802.76 918.27 837.37 920.91 846.29 944.09 857.40 1003.53 872.71 1017.88 870.93 1017.88 771.04
6 734.33 939.09 742.60 923.41 737.27 883.01 673.03 903.84 693.43 924.84 732.95 940.44
7 75.77 759.34 32.41 790.65 40.72 819.37 86.97 807.38 100.07 796.69 83.46 760.62 81.92 759.63
5 183.05 6.26 186.99 16.48 213.17 15.39 263.13 -17.92 181.50 -17.92
6 16.07 609.33 26.24 596.22 24.80 534.60 21.04 530.68 -15.88 514.33 -15.88 615.36
6 823.63 307.11 799.03 309.53 768.67 359.48 825.50 394.31 835.81 374.66 841.85 322.29
6 812.89 1017.92 838.34 1017.92 864.34 995.64 891.46 938.67 820.83 954.37 814.31 968.07
6 314.05 754.73 341.00 822.88 380.41 798.36 386.95 755.80 364.73 737.27 345.31 738.89
6 625.52 218.27 627.78 220.13 669.74 203.71 685.31 158.36 654.21 155.33 622.95 183.61
6 825.50 394.31 831.35 413.61 861.27 436.14 896.55 367.94 882.71 358.43 835.81 374.66
6 160.91 788.42 141.00 796.64 132.42 803.54 161.51 837.65 188.16 839.19 190.82 802.01
5 5.28 783.72 47.17 741.83 29.35 726.91 -15.88 727.62 -15.88 781.32
4 22.00 480.52 26.89 460.94 -15.88 421.74 -15.88 502.32
5 231.35 246.70 214.43 266.93 254.11 313.01 281.88 297.14 261.44 252.17
5 298.24 477.48 318.84 452.30 302.07 408.98 252.30 425.57 257.08 453.53
7 701.17 583.77 701.13 584.63 767.00 621.42 777.82 614.08 772.49 536.78 740.08 537.32 709.18 564.73
9 618.09 578.73 656.69 595.15 681.46 596.30 691.74 592.99 701.13 584.63 701.17 583.77 642.02 532.02 619.63 538.82 614.47 558.42
7 214.43 266.93 199.36 269.65 179.32 288.53 213.04 332.50 214.95 332.64 249.76 322.78 254.11 313.01
6 319.74 223.73 329.88 267.19 355.89 255.30 379.48 224.77 381.72 211.88 320.22 222.13
6 609.46 132.52 654.21 155.33 685.31 158.36 700.78 148.59 671.68 108.02 615.56 101.55
7 139.86 564.43 144.31 559.10 158.91 524.50 153.75 505.22 131.35 493.25 87.44 526.92 85.37 540.33
7 777.82 614.08 784.21 612.07 785.72 611.17 790.88 600.12 810.60 535.32 794.08 525.62 772.49 536.78
8 314.57 550.80 294.50 525.06 288.28 527.65 234.07 583.10 234.36 613.30 260.20 624.19 299.97 606.51 310.53 592.82
5 65.42 46.62 70.96 41.70 49.80 -17.92 -15.88 -17.92 -15.88 -0.80
5 264.23 225.50 273.23 242.01 277.22 240.41 285.86 232.44 266.53 200.21
6 374.56 461.67 349.75 439.29 318.84 452.30 298.24 477.48 303.50 499.95 357.61 501.92
7 56.52 933.52 69.11 946.11 85.50 944.91 97.30 940.31 96.06 914.98 84.71 902.46 60.42 910.78
3 672.84 974.39 636.57 1017.92 669.22 1017.92
5 702.31 23.71 713.32 30.96 737.00 20.25 745.48 -17.92 685.23 -17.92
5 993.93 435.11 1017.88 427.00 1017.88 414.84 946.07 396.89 955.46 436.54
7 502.61 596.86 549.32 597.83 549.09 579.71 536.34 551.36 498.49 552.26 484.80 572.23 486.72 581.46
4 388.20 248.13 380.91 263.64 390.70 286.17 425.24 272.83
6 896.55 367.94 933.69 362.41 914.59 336.66 907.65 332.81 878.69 337.64 882.71 358.43
7 138.70 299.66 140.51 313.49 160.00 365.22 168.60 366.48 213.04 332.50 179.32 288.53 139.06 298.73
6 613.92 999.87 567.56 959.68 538.72 984.28 537.94 991.65 539.27 1017.92 612.74 1017.92
4 356.80 77.80 340.81 35.17 322.69 44.06 297.84 103.07
4 79.32 337.67 109.90 308.48 48.70 294.88 35.66 318.79
4 787.13 208.05 794.17 245.04 823.86 232.90 788.60 206.45
5 64.66 977.00 59.73 968.50 35.74 968.50 -8.57 1017.92 59.38 1017.92
5 439.59 444.02 428.69 475.17 450.73 487.48 478.22 444.72 444.39 441.26
4 661.81 799.15 667.32 868.84 717.79 843.61 694.12 793.32
5 806.76 89.46 816.54 125.31 860.18 64.60 846.92 39.68 819.54 53.69
6 694.55 329.65 728.46 336.65 737.73 299.59 705.51 270.83 684.14 295.04 691.35 322.67
6 981.67 97.57 1004.96 39.34 946.67 82.30 945.50 87.21 945.50 93.31 966.73 101.96
5 404.30 878.31 373.86 866.47 370.43 881.62 382.88 929.84 408.98 922.01
6 809.68 138.78 814.82 137.23 816.54 125.31 806.76 89.46 776.88 67.73 753.83 87.06
8 435.90 359.45 419.82 361.81 415.94 363.50 404.81 413.59 413.33 433.68 439.59 444.02 444.39 441.26 439.56 363.94
6 864.88 643.27 856.15 663.06 874.89 681.40 888.12 686.97 920.21 666.26 917.63 631.00
6 775.79 477.76 793.17 434.32 759.30 423.58 735.05 446.93 729.69 474.79 730.68 475.51
8 549.09 579.71 549.32 597.83 554.62 606.38 567.96 614.37 582.37 613.50 618.09 578.73 614.47 558.42 577.71 559.89
7 305.73 187.90 308.82 177.58 305.99 150.69 296.99 151.27 268.05 159.17 257.90 190.89 264.40 193.30
6 886.66 93.07 888.00 100.59 922.14 136.58 945.50 93.31 945.50 87.21 928.25 84.75
6 842.09 814.68 854.63 769.34 848.23 758.92 808.74 772.09 797.13 807.90 842.08 814.68
5 96.06 914.98 97.30 940.31 122.39 954.90 131.87 948.04 137.21 901.26
4 238.68 949.89 283.91 922.06 277.45 891.37 246.99 898.62
9 660.75 358.69 673.73 374.92 680.52 377.05 725.63 385.25 741.61 374.32 748.22 362.33 728.46 336.65 694.55 329.65 661.01 358.28
4 717.65 157.07 726.73 204.50 761.21 204.50 731.43 158.16
5 64.66 977.00 59.38 1017.92 93.42 1017.92 101.15 986.25 85.50 977.00
5 592.36 145.10 558.14 144.34 544.34 176.54 587.99 178.62 591.33 172.61
5 422.86 759.39 386.95 755.80 380.41 798.36 430.98 795.89 432.53 780.21
8 851.87 244.70 827.72 233.20 823.86 232.90 794.17 245.04 791.27 249.88 821.33 264.92 836.31 268.32 851.99 249.43
6 188.16 839.19 161.51 837.65 154.08 847.67 178.30 896.09 187.01 889.09 196.87 847.19
10 234.07 583.10 223.30 568.98 144.31 559.10 139.86 564.43 139.97 574.19 144.65 589.64 171.02 622.75 191.82 638.50 192.59 638.53 234.36 613.30
7 450.41 267.52 449.84 268.87 456.97 311.16 514.97 286.30 546.79 256.93 543.94 251.61 543.69 251.43
5 390.26 420.87 353.75 424.04 349.75 439.29 374.56 461.67 386.20 461.47
6 990.47 646.30 965.72 653.96 963.00 661.60 1012.17 700.94 1017.88 702.01 1017.88 649.04
5 498.20 813.55 510.06 802.09 496.02 754.95 477.99 752.01 461.90 766.87
8 476.78 840.74 485.56 852.06 527.41 873.95 563.12 826.34 557.25 809.34 531.88 799.11 510.06 802.09 498.20 813.55
7 165.61 221.92 114.96 243.77 114.35 245.31 139.06 298.73 179.32 288.53 199.36 269.65 175.40 226.51
7 915.73 778.29 914.97 781.91 922.72 802.76 1017.88 771.04 1017.88 761.99 966.39 742.27 947.16 749.03
4 101.40 640.92 171.02 622.75 144.65 589.64 98.99 621.99
7 920.87 934.84 940.50 882.50 944.09 857.40 920.91 846.29 891.81 877.21 888.21 902.04 896.78 933.91
4 203.51 513.25 190.51 529.31 218.59 556.42 227.50 525.25
6 681.55 687.50 670.71 705.42 672.58 711.49 712.09 736.03 727.30 725.10 747.75 687.50
6 297.84 103.07 322.69 44.06 290.77 48.51 273.87 72.75 278.29 99.22 295.33 105.23
5 1015.67 273.11 956.99 298.45 966.20 349.11 1017.88 361.44 1017.88 272.76
6 191.82 638.50 136.82 687.38 147.77 726.56 169.00 735.25 212.90 696.83 192.59 638.53
4 759.69 287.19 795.33 305.47 793.93 271.77 787.02 254.88
4 659.22 75.79 643.15 45.65 625.51 37.02 615.02 95.43
5 702.31 23.71 685.23 -17.92 657.03 -17.92 669.50 19.50 676.59 36.05
6 61.04 130.99 109.49 122.44 100.00 113.19 75.14 97.65 52.71 111.78 60.27 130.68
6 787.14 252.85 753.23 239.29 747.73 251.38 757.12 286.83 759.69 287.19 787.02 254.88
5 852.89 737.62 902.32 727.74 906.27 717.68 888.12 686.97 874.89 681.40
5 580.96 504.66 548.58 501.58 536.34 551.36 549.09 579.71 577.71 559.89
6 399.92 140.92 373.27 177.47 382.50 210.95 400.75 212.78 432.37 174.50 439.42 141.39
6 160.91 788.42 176.56 747.49 169.00 735.25 147.77 726.56 141.00 732.47 141.00 796.64
5 408.98 922.01 382.88 929.84 376.22 938.78 388.61 962.39 423.57 927.43
7 836.31 268.32 823.63 307.11 841.85 322.29 863.38 319.78 887.83 296.01 868.84 263.81 851.99 249.43
6 348.96 383.70 305.05 402.19 302.07 408.98 318.84 452.30 349.75 439.29 353.75 424.04
7 787.69 812.11 797.13 807.90 808.74 772.09 785.51 743.33 783.90 743.97 756.76 787.38 774.58 810.41
8 99.38 866.81 110.05 862.88 112.49 804.34 100.07 796.69 86.97 807.38 86.86 807.62 82.68 841.05 86.00 851.00
6 810.60 535.32 827.25 538.65 874.40 510.36 861.73 460.27 791.88 496.14 794.08 525.62
7 440.79 905.34 467.68 911.32 477.62 907.62 485.56 852.06 476.78 840.74 468.96 840.04 434.89 874.11
5 858.10 -17.33 920.33 34.52 1017.88 -12.30 1017.88 -17.92 858.05 -17.92
7 430.98 795.89 442.05 818.34 468.96 840.04 476.78 840.74 498.20 813.55 461.90 766.87 432.53 780.21
7 712.92 772.28 712.09 736.03 672.58 711.49 632.79 750.32 654.56 797.21 661.81 799.15 694.12 793.32
4 87.44 526.92 131.35 493.25 116.88 465.35 78.83 508.84
6 381.72 211.88 379.48 224.77 388.17 247.97 436.76 238.25 400.75 212.78 382.50 210.95
4 888.65 986.88 929.83 1000.61 929.61 988.61 905.00 964.00
5 55.98 150.33 67.37 146.18 61.04 130.99 60.27 130.68 41.44 145.48
6 263.13 11.20 290.77 48.51 322.69 44.06 340.81 35.17 356.92 -17.92 269.21 -17.92
6 299.97 606.51 260.20 624.19 287.25 673.43 299.17 668.72 333.80 653.14 329.44 629.19
6 521.64 935.19 546.40 900.66 546.28 900.53 480.63 910.63 486.57 922.13 492.00 924.52
5 888.65 986.88 864.34 995.64 838.34 1017.92 934.45 1017.92 929.83 1000.61
7 514.88 387.84 522.19 336.67 486.80 328.55 458.30 326.43 435.90 359.45 439.56 363.94 476.33 389.35
6 891.46 938.67 895.67 936.02 896.78 933.91 888.21 902.04 822.12 922.55 820.83 954.37
8 585.36 365.21 608.12 332.81 608.04 330.47 577.47 279.86 560.74 275.46 536.59 330.66 574.35 365.52 585.18 365.36
5 832.92 868.32 842.08 814.68 797.13 807.90 787.69 812.11 809.03 881.46
8 128.73 872.05 110.05 862.88 99.38 866.81 88.47 874.87 84.71 902.46 96.06 914.98 137.21 901.26 141.57 895.08
6 273.73 738.86 212.90 696.83 169.00 735.25 176.56 747.49 231.06 771.83 243.67 770.92
7 735.05 446.93 711.75 411.29 696.96 418.14 667.38 436.34 665.67 438.50 697.55 476.04 729.69 474.79
5 69.11 946.11 59.73 968.50 64.66 977.00 85.50 977.00 85.50 944.91
5 60.27 130.68 52.71 111.78 36.11 110.35 13.22 151.32 41.44 145.48
8 140.74 65.42 174.95 50.94 187.18 20.92 186.99 16.48 183.05 6.26 114.82 31.06 113.20 40.80 113.47 41.36
6 69.54 582.09 81.72 595.38 139.97 574.19 139.86 564.43 85.37 540.33 79.11 544.57
6 307.23 890.14 296.52 864.44 277.45 891.37 283.91 922.06 299.50 932.14 300.26 931.92
8 705.51 270.83 705.67 265.89 693.06 243.01 686.72 239.89 658.65 257.23 657.70 274.41 673.07 291.88 684.14 295.04
4 544.34 176.54 534.23 184.81 586.32 197.83 587.99 178.62
6 451.36 29.41 452.28 32.23 454.44 34.00 491.86 34.00 509.62 -17.92 455.98 -17.92
6 25.96 674.80 37.79 635.37 34.80 626.39 16.07 609.33 -15.88 615.36 -15.88 676.89
5 969.40 622.38 962.50 650.00 965.72 653.96 990.47 646.30 981.28 625.62
4 183.05 6.26 181.50 -17.92 107.17 -17.92 114.82 31.06
6 43.31 936.24 32.83 951.62 35.74 968.50 59.73 968.50 69.11 946.11 56.52 933.52
5 693.43 924.84 684.15 971.24 709.60 982.90 731.12 950.97 732.95 940.44
5 412.96 482.05 428.69 475.17 439.59 444.02 413.33 433.68 386.83 461.57
8 917.63 631.00 920.21 666.26 942.85 680.25 953.20 675.55 963.00 661.60 965.72 653.96 962.50 650.00 926.76 619.37
4 711.75 411.29 725.63 385.25 680.52 377.05 696.96 418.14
5 741.61 374.32 725.63 385.25 711.75 411.29 735.05 446.93 759.30 423.58
7 257.90 190.89 255.90 191.05 226.75 205.62 230.24 225.50 264.23 225.50 266.53 200.21 264.40 193.30
4 614.11 635.37 656.69 595.15 618.09 578.73 582.37 613.50
5 220.72 478.44 216.02 478.51 203.51 513.25 227.50 525.25 237.50 510.24
7 51.11 275.62 48.70 294.88 109.90 308.48 138.70 299.66 139.06 298.73 114.35 245.31 63.60 254.91
6 938.53 382.17 946.07 396.89 1017.88 414.84 1017.88 361.44 966.20 349.11 940.06 364.59
6 942.20 448.32 955.46 436.54 946.07 396.89 938.53 382.17 884.57 438.13 920.88 448.67
6 357.31 363.50 415.94 363.50 419.82 361.81 386.82 290.74 330.24 305.18 336.98 338.90
4 935.01 67.25 920.07 36.42 884.70 74.75 901.14 75.71
5 455.35 538.19 458.87 521.78 432.11 520.40 415.77 549.82 424.82 560.68
4 451.36 29.41 411.52 39.37 430.85 72.94 452.28 32.23
5 98.99 621.99 144.65 589.64 139.97 574.19 81.72 595.38 84.83 607.83
7 765.15 666.77 767.00 621.42 701.13 584.63 691.74 592.99 694.68 660.54 695.21 661.95 756.86 672.23
4 661.01 358.28 694.55 329.65 691.35 322.67 648.38 314.08
6 87.65 360.33 88.08 359.25 79.32 337.67 35.66 318.79 22.95 327.50 44.78 351.76
5 647.71 370.02 657.32 359.51 608.12 332.81 585.36 365.21 616.83 371.83
6 859.22 618.03 864.88 643.27 917.63 631.00 926.76 619.37 929.34 603.26 888.00 599.26
6 740.08 537.32 772.49 536.78 794.08 525.62 791.88 496.14 775.79 477.76 730.68 475.51
5 78.83 508.84 116.88 465.35 112.34 451.92 87.82 457.84 65.04 491.47
9 372.83 665.64 400.89 647.40 407.05 629.93 398.78 603.03 396.11 600.68 380.49 598.94 377.60 600.66 370.86 635.84 367.99 663.37
6 586.18 502.18 637.83 488.79 641.91 438.50 623.53 430.41 616.30 430.56 614.68 431.76
4 82.68 841.05 68.23 837.43 65.25 840.62 86.00 851.00
6 432.37 174.50 452.67 228.63 497.05 178.53 496.77 177.92 450.83 135.81 439.42 141.39
6 281.88 297.14 322.59 295.57 323.17 291.46 277.22 240.41 273.23 242.01 261.44 252.17
6 717.79 843.61 737.64 854.53 774.58 810.41 756.76 787.38 712.92 772.28 694.12 793.32
6 737.64 854.53 742.83 870.96 807.28 884.08 809.03 881.46 787.69 812.11 774.58 810.41
5 268.05 159.17 258.87 146.71 238.09 153.64 255.90 191.05 257.90 190.89
5 29.35 726.91 51.31 688.22 25.96 674.80 -15.88 676.89 -15.88 727.62
7 287.25 380.86 240.42 407.33 252.30 425.57 302.07 408.98 305.05 402.19 287.99 380.86 287.50 380.82
4 258.87 146.71 268.05 159.17 296.99 151.27 261.84 135.65
6 568.50 404.92 552.10 391.25 542.89 396.90 563.21 439.23 563.60 439.56 568.50 438.36
5 520.02 640.98 554.62 606.38 549.32 597.83 502.61 596.86 491.17 618.31
5 906.27 717.68 902.32 727.74 915.73 778.29 947.16 749.03 926.38 712.66
5 769.16 215.62 761.21 204.50 726.73 204.50 729.01 217.85 752.24 233.74
7 113.20 40.80 70.96 41.70 65.42 46.62 53.29 66.35 71.18 84.86 100.00 63.25 113.47 41.36
6 643.39 45.61 643.15 45.65 659.22 75.79 667.28 81.00 687.86 65.00 672.99 40.99
6 514.97 286.30 486.80 328.55 522.19 336.67 536.59 330.66 560.74 275.46 546.79 256.93
7 51.31 688.22 29.35 726.91 47.17 741.83 75.77 759.34 81.92 759.63 86.83 679.51 77.58 679.14
6 465.52 657.03 511.34 662.42 520.02 640.98 491.17 618.31 472.53 630.12 460.79 651.15
8 884.70 74.75 920.07 36.42 920.33 34.52 858.10 -17.33 851.38 2.18 846.92 39.68 860.18 64.60 882.09 76.33
4 287.99 380.86 311.12 350.93 275.25 348.17 287.50 380.82
5 13.22 151.32 -0.45 162.71 67.52 176.30 55.98 150.33 41.44 145.48
7 864.54 440.38 884.57 438.13 938.53 382.17 940.06 364.59 933.69 362.41 896.55 367.94 861.27 436.14
7 136.82 687.38 93.57 675.53 86.83 679.51 81.92 759.63 83.46 760.62 141.00 732.47 147.77 726.56
3 86.86 807.62 68.23 837.43 82.68 841.05
7 481.27 92.32 485.68 74.16 454.44 34.00 452.28 32.23 430.85 72.94 431.45 76.45 460.90 105.90
8 156.39 116.45 140.05 111.75 120.60 123.84 130.38 166.50 132.47 174.86 167.40 181.70 182.13 170.65 185.95 150.94
5 922.84 142.84 922.14 136.58 888.00 100.59 823.46 141.23 851.00 165.93
7 544.55 709.31 546.62 709.61 564.80 698.04 567.96 614.37 554.62 606.38 520.02 640.98 511.34 662.42
4 176.56 747.49 160.91 788.42 190.82 802.01 231.06 771.83
6 131.87 948.04 122.39 954.90 121.47 968.47 152.21 1002.51 179.33 963.07 159.41 948.68
5 614.47 558.42 619.63 538.82 584.26 504.31 580.96 504.66 577.71 559.89
5 176.84 52.96 185.63 99.86 218.80 95.71 218.52 79.56 217.73 77.19
7 768.67 359.48 748.22 362.33 741.61 374.32 759.30 423.58 793.17 434.32 831.35 413.61 825.50 394.31
5 598.00 914.83 593.24 902.14 580.22 905.92 567.88 958.99 598.00 962.33
